ikj = 3.48342
kij = 3.67338
kji = 15.5038
jki = 22.613
ijk = 11.7437
jik = 9.45396
